{
 "cells": [
  {
   "cell_type": "code",
   "execution_count": 43,
   "id": "48eeb4f9",
   "metadata": {},
   "outputs": [
    {
     "name": "stdout",
     "output_type": "stream",
     "text": [
      "[[21 32 49 34]\n",
      " [10 38 50 13]\n",
      " [22 13 28 23]]\n"
     ]
    }
   ],
   "source": [
    "import numpy as np\n",
    "\n",
    "pref = np.array([[21, 32, 49, 34],\n",
    "              [10, 38, 50, 13],\n",
    "              [22, 13, 28, 23]])\n",
    "\n",
    "print(pref)"
   ]
  },
  {
   "cell_type": "code",
   "execution_count": 44,
   "id": "123061c0",
   "metadata": {},
   "outputs": [
    {
     "name": "stdout",
     "output_type": "stream",
     "text": [
      "a total of 333 participated in the study\n"
     ]
    }
   ],
   "source": [
    "total_participants = np.sum(pref)\n",
    "print(f\"a total of {total_participants} participated in the study\")\n",
    "#print(total_participants.shape)"
   ]
  },
  {
   "cell_type": "code",
   "execution_count": 45,
   "id": "55689f83",
   "metadata": {},
   "outputs": [
    {
     "name": "stdout",
     "output_type": "stream",
     "text": [
      "[ 53  83 127  70]\n"
     ]
    }
   ],
   "source": [
    "totals_by_column = np.sum(pref,axis=0)\n",
    "print(totals_by_column)\n",
    "#print(totals_by_column.shape)"
   ]
  },
  {
   "cell_type": "code",
   "execution_count": 46,
   "id": "93b3f1e4",
   "metadata": {},
   "outputs": [
    {
     "name": "stdout",
     "output_type": "stream",
     "text": [
      "[136 111  86]\n"
     ]
    }
   ],
   "source": [
    "participants_per_study = np.sum(pref,axis=1)\n",
    "print(participants_per_study)\n",
    "#print(participants_per_study.shape)"
   ]
  },
  {
   "cell_type": "code",
   "execution_count": 47,
   "id": "4e1a29fa",
   "metadata": {},
   "outputs": [
    {
     "ename": "ValueError",
     "evalue": "operands could not be broadcast together with shapes (3,4) (3,) ",
     "output_type": "error",
     "traceback": [
      "\u001b[31m---------------------------------------------------------------------------\u001b[39m",
      "\u001b[31mValueError\u001b[39m                                Traceback (most recent call last)",
      "\u001b[36mCell\u001b[39m\u001b[36m \u001b[39m\u001b[32mIn[47]\u001b[39m\u001b[32m, line 1\u001b[39m\n\u001b[32m----> \u001b[39m\u001b[32m1\u001b[39m percent_by_row = \u001b[43mpref\u001b[49m\u001b[43m \u001b[49m\u001b[43m/\u001b[49m\u001b[43m \u001b[49m\u001b[43mparticipants_per_study\u001b[49m\n\u001b[32m      2\u001b[39m \u001b[38;5;28mprint\u001b[39m(percent_by_row)\n",
      "\u001b[31mValueError\u001b[39m: operands could not be broadcast together with shapes (3,4) (3,) "
     ]
    }
   ],
   "source": [
    "percent_by_row = pref / participants_per_study\n",
    "print(percent_by_row)"
   ]
  },
  {
   "cell_type": "code",
   "execution_count": 48,
   "id": "2f221c8d",
   "metadata": {},
   "outputs": [
    {
     "name": "stdout",
     "output_type": "stream",
     "text": [
      "[[136 111  86]]\n"
     ]
    }
   ],
   "source": [
    "# perhaps try making it 2D?\n",
    "participants_per_study_2d = np.array([participants_per_study])\n",
    "print(participants_per_study_2d)\n",
    "#print(participants_per_study_2d.shape)"
   ]
  },
  {
   "cell_type": "code",
   "execution_count": 49,
   "id": "43941960",
   "metadata": {},
   "outputs": [
    {
     "ename": "ValueError",
     "evalue": "operands could not be broadcast together with shapes (3,4) (1,3) ",
     "output_type": "error",
     "traceback": [
      "\u001b[31m---------------------------------------------------------------------------\u001b[39m",
      "\u001b[31mValueError\u001b[39m                                Traceback (most recent call last)",
      "\u001b[36mCell\u001b[39m\u001b[36m \u001b[39m\u001b[32mIn[49]\u001b[39m\u001b[32m, line 1\u001b[39m\n\u001b[32m----> \u001b[39m\u001b[32m1\u001b[39m percent_by_row = \u001b[43mpref\u001b[49m\u001b[43m \u001b[49m\u001b[43m/\u001b[49m\u001b[43m \u001b[49m\u001b[43mparticipants_per_study_2d\u001b[49m\n\u001b[32m      2\u001b[39m \u001b[38;5;28mprint\u001b[39m(percent_by_row)\n",
      "\u001b[31mValueError\u001b[39m: operands could not be broadcast together with shapes (3,4) (1,3) "
     ]
    }
   ],
   "source": [
    "percent_by_row = pref / participants_per_study_2d\n",
    "print(percent_by_row)"
   ]
  },
  {
   "cell_type": "code",
   "execution_count": 50,
   "id": "7df5a39e",
   "metadata": {},
   "outputs": [
    {
     "name": "stdout",
     "output_type": "stream",
     "text": [
      "(3, 4)\n",
      "(3,)\n",
      "(1, 3)\n"
     ]
    }
   ],
   "source": [
    "# double check\n",
    "print(pref.shape)\n",
    "print(participants_per_study.shape)\n",
    "print(participants_per_study_2d.shape)"
   ]
  },
  {
   "cell_type": "code",
   "execution_count": 59,
   "id": "46ba953c",
   "metadata": {},
   "outputs": [
    {
     "ename": "NameError",
     "evalue": "name 'x' is not defined",
     "output_type": "error",
     "traceback": [
      "\u001b[31m---------------------------------------------------------------------------\u001b[39m",
      "\u001b[31mNameError\u001b[39m                                 Traceback (most recent call last)",
      "\u001b[36mCell\u001b[39m\u001b[36m \u001b[39m\u001b[32mIn[59]\u001b[39m\u001b[32m, line 2\u001b[39m\n\u001b[32m      1\u001b[39m \u001b[38;5;66;03m# SO, RESHAPE participants_per_study to the shape we need\u001b[39;00m\n\u001b[32m----> \u001b[39m\u001b[32m2\u001b[39m participants_per_study = participants_per_study.reshape(\u001b[43mx\u001b[49m,x)\n\u001b[32m      3\u001b[39m percent_by_row = pref / participants_per_study\n\u001b[32m      4\u001b[39m \u001b[38;5;28mprint\u001b[39m(percent_by_row)\n",
      "\u001b[31mNameError\u001b[39m: name 'x' is not defined"
     ]
    }
   ],
   "source": [
    "# SO, RESHAPE participants_per_study to the shape we need\n",
    "participants_per_study = participants_per_study.reshape(x,x)\n",
    "percent_by_row = pref / participants_per_study\n",
    "print(percent_by_row)"
   ]
  },
  {
   "cell_type": "code",
   "execution_count": 52,
   "id": "8802f513",
   "metadata": {},
   "outputs": [
    {
     "name": "stdout",
     "output_type": "stream",
     "text": [
      "[[0.15441176 0.23529412 0.36029412 0.25      ]\n",
      " [0.09009009 0.34234234 0.45045045 0.11711712]\n",
      " [0.25581395 0.15116279 0.3255814  0.26744186]]\n"
     ]
    }
   ],
   "source": [
    "# the 2D array reshaped is also good\n",
    "participants_per_study_2d = participants_per_study_2d.reshape(3,1)\n",
    "percent_by_row = pref / participants_per_study_2d\n",
    "print(percent_by_row)"
   ]
  },
  {
   "cell_type": "code",
   "execution_count": 60,
   "id": "32fd3c0b",
   "metadata": {},
   "outputs": [
    {
     "name": "stdout",
     "output_type": "stream",
     "text": [
      "[[0.15441176 0.23529412 0.36029412 0.25      ]\n",
      " [0.09009009 0.34234234 0.45045045 0.11711712]\n",
      " [0.25581395 0.15116279 0.3255814  0.26744186]]\n"
     ]
    }
   ],
   "source": [
    "# instead of hardcoding in the 3, have NumPy figure out what number we need\n",
    "participants_per_study = np.sum(pref,axis=1).reshape(-1,1)\n",
    "percent_by_row = pref / participants_per_study\n",
    "print(percent_by_row)"
   ]
  },
  {
   "cell_type": "code",
   "execution_count": 54,
   "id": "e1c75960",
   "metadata": {},
   "outputs": [
    {
     "name": "stdout",
     "output_type": "stream",
     "text": [
      "[[0.15441176 0.23529412 0.36029412 0.25      ]\n",
      " [0.09009009 0.34234234 0.45045045 0.11711712]\n",
      " [0.25581395 0.15116279 0.3255814  0.26744186]]\n"
     ]
    }
   ],
   "source": [
    "# OR JUST CREATE THE SHAPE AS WE NEED IT\n",
    "participants_per_study = np.sum(pref,axis=1,keepdims=True)\n",
    "percent_by_row = pref / participants_per_study\n",
    "print(percent_by_row)"
   ]
  },
  {
   "cell_type": "code",
   "execution_count": 55,
   "id": "3332613f",
   "metadata": {},
   "outputs": [
    {
     "name": "stdout",
     "output_type": "stream",
     "text": [
      "[1. 1. 1.]\n"
     ]
    }
   ],
   "source": [
    "print(np.sum(percent_by_row,axis=1))"
   ]
  },
  {
   "cell_type": "code",
   "execution_count": 56,
   "id": "e8e60f04",
   "metadata": {},
   "outputs": [
    {
     "name": "stdout",
     "output_type": "stream",
     "text": [
      "[[15.44117647 23.52941176 36.02941176 25.        ]\n",
      " [ 9.00900901 34.23423423 45.04504505 11.71171171]\n",
      " [25.58139535 15.11627907 32.55813953 26.74418605]]\n"
     ]
    }
   ],
   "source": [
    "# Let's turn them into nice percentages\n",
    "percent_by_row *= 100\n",
    "print(percent_by_row)"
   ]
  },
  {
   "cell_type": "code",
   "execution_count": 58,
   "id": "f6a48e4c",
   "metadata": {},
   "outputs": [
    {
     "name": "stdout",
     "output_type": "stream",
     "text": [
      "[100. 100. 100.]\n"
     ]
    }
   ],
   "source": [
    "print(np.sum(percent_by_row,axis=1))"
   ]
  }
 ],
 "metadata": {
  "kernelspec": {
   "display_name": "Python 3",
   "language": "python",
   "name": "python3"
  },
  "language_info": {
   "codemirror_mode": {
    "name": "ipython",
    "version": 3
   },
   "file_extension": ".py",
   "mimetype": "text/x-python",
   "name": "python",
   "nbconvert_exporter": "python",
   "pygments_lexer": "ipython3",
   "version": "3.14.0"
  }
 },
 "nbformat": 4,
 "nbformat_minor": 5
}
